#XXXTTtt AAAAaaaa : CCCCcccc BBBBbbbb AAAAaaaa#

#RUN#
00000000 00000000 : 00000001 00000000 00000000
00000001 00000000 : 00000000 00000100 00010000
00000010 00000000 : 00000000 00010000 00000001

#STOP#		
00000000 00000001 : 10000000 00000000 00000000

#LDR A#
00000000 00000010 : 00000101 00010000 00000010
00000001 00000010 : 00000000 00000100 00010000
00000010 00000010 : 00000000 00010000 00000001

#LDR B#
00000000 00000011 : 00000101 00010000 00000100
00000001 00000011 : 00000000 00000100 00010000
00000010 00000011 : 00000000 00010000 00000001

#LDR C#
00000000 00000100 : 00000101 00010000 00100000
00000001 00000100 : 00000000 00000100 00010000
00000010 00000100 : 00000000 00010000 00000001