#RUN#                                     V
0000 0000 0000 : 00000000 00000100 00010000
0001 0000 0000 : 00000000 00010000 00000001
0010 0000 0000 : 00000000 00000000 00000000

#STOP#                                    V
0000 0000 0001 : 00000000 00000000 00000000

#JMP#
0000 0000 0011 : 00000110 00010000 00001000
0001 0000 0011 : 00000000 00000100 00010000
0010 0000 0011 : 00000000 00010000 00000001
0011 0000 0011 : 00000000 00000000 00000000

#GOTO#
0000 0000 0011 : 00000100 00010000 00001000
0001 0000 0011 : 00000000 00000100 00010000
0010 0000 0011 : 00000000 00010000 00000001
0011 0000 0011 : 00000000 00000000 00000000

#DLY#
0000 0000 0100 : 10000000 00000000 00000000
0001 0000 0100 : 10000000 00000000 00000000
0010 0000 0100 : 10000000 00000000 00000000
0011 0000 0100 : 10000000 00000000 00000000
0100 0000 0100 : 10000000 00000000 00000000
0101 0000 0100 : 10000000 00000000 00000000
0110 0000 0100 : 10000000 00000000 00000000
0111 0000 0100 : 10000000 00000000 00000000
1000 0000 0100 : 10000000 00000000 00000000
1001 0000 0100 : 10000000 00000000 00000000
1010 0000 0100 : 10000000 00000000 00000000
1011 0000 0100 : 10000000 00000000 00000000
1100 0000 0100 : 10000001 00000000 00000000
1101 0000 0100 : 10000000 00000100 00010000
1110 0000 0100 : 10000000 00010000 00000001
1111 0000 0100 : 10000000 00000000 00000000


#IN#
0000 0000 0101 : 00000000 00000000 00000000

#OUT#
0000 0000 0110 : 00000000 00000000 00000000


#LDR A#                                   V
0000 0000 0111 : 00000101 00010000 00000010
0001 0000 0111 : 00000000 00000100 00010000
0010 0000 0111 : 00000000 00010000 00000001
0011 0000 0111 : 00000000 00000000 00000000

#LDR B#                                   V
0000 0000 1000 : 00000001 00010000 00000100
0001 0000 1000 : 00000000 00000100 00010000
0010 0000 1000 : 00000000 00010000 00000001
0011 0000 1000 : 00000000 00000000 00000000
		
#LDR C#                                   V
0000 0000 1001 : 00000001 00010000 00100000
0001 0000 1001 : 00000000 00000100 00010000
0010 0000 1001 : 00000000 00010000 00000001
0011 0000 1001 : 00000000 00000000 00000000


#ADD A,B#
0000 0000 1010 : 01100001 00001000 00000010
0001 0000 1010 : 00000000 00000100 00010000
0010 0000 1010 : 00000000 00010000 00000001
0011 0000 1010 : 00000000 00000000 00000000

#ADD B#
0000 0000 1011 : 01100001 00001000 00000100
0001 0000 1011 : 00000000 00000100 00010000
0010 0000 1011 : 00000000 00010000 00000001
0011 0000 1011 : 00000000 00000000 00000000

#ADD T#
0000 0000 1100 : 01100001 00001000 00100000
0001 0000 1100 : 00000000 00000100 00010000
0010 0000 1100 : 00000000 00010000 00000001
0011 0000 1100 : 00000000 00000000 00000000


#SUB A#
0000 0000 1101 : 01101001 00001000 00000010
0001 0000 1101 : 00000000 00000100 00010000
0010 0000 1101 : 00000000 00010000 00000001
0011 0000 1101 : 00000000 00000000 00000000

#SUB B#
0000 0000 1110 : 01101001 00001000 00000100
0001 0000 1110 : 00000000 00000100 00010000
0010 0000 1110 : 00000000 00010000 00000001
0011 0000 1110 : 00000000 00000000 00000000

#SUB T#
0000 0000 1111 : 01101001 00001000 00100000
0001 0000 1111 : 00000000 00000100 00010000
0010 0000 1111 : 00000000 00010000 00000001
0011 0000 1111 : 00000000 00000000 00000000


#INR A#
0000 0001 0000 : 00000000 00000000 00000000

#INR B#
0000 0001 0001 : 00000000 00000000 00000000

#INR T#
0000 0001 0010 : 00000000 00000000 00000000


#DCR A#
0000 0001 0011 : 00000000 00000000 00000000

#DCR B#
0000 0001 0100 : 00000000 00000000 00000000

#DCR T#
0000 0001 0101 : 00000000 00000000 00000000


#AND A#
0000 0001 0110 : 00001001 00001000 00000010
0001 0001 0110 : 00000000 00000100 00010000
0010 0001 0110 : 00000000 00010000 00000001
0011 0001 0110 : 00000000 00000000 00000000

#AND B#
0000 0001 0111 : 00001001 00001000 00000100
0001 0001 0111 : 00000000 00000100 00010000
0010 0001 0111 : 00000000 00010000 00000001
0011 0001 0111 : 00000000 00000000 00000000

#AND T#
0000 0001 1000 : 00001001 00001000 00100000
0001 0001 1000 : 00000000 00000100 00010000
0010 0001 1000 : 00000000 00010000 00000001
0011 0001 1000 : 00000000 00000000 00000000
		

#OR A#
0000 0001 1001 : 00101001 00001000 00000010
0001 0001 1001 : 00000000 00000100 00010000
0010 0001 1001 : 00000000 00010000 00000001
0011 0001 1001 : 00000000 00000000 00000000

#OR B#
0000 0001 1010 : 00101001 00001000 00000100
0001 0001 1010 : 00000000 00000100 00010000
0010 0001 1010 : 00000000 00010000 00000001
0011 0001 1010 : 00000000 00000000 00000000

#OR T#
0000 0001 1011 : 00101001 00001000 00100000
0001 0001 1011 : 00000000 00000100 00010000
0010 0001 1011 : 00000000 00010000 00000001
0011 0001 1011 : 00000000 00000000 00000000
		

#XOR A#
0000 0001 1100 : 01001001 00001000 00000010
0001 0001 1100 : 00000000 00000100 00010000
0010 0001 1100 : 00000000 00010000 00000001
0011 0001 1100 : 00000000 00000000 00000000

#XOR B#
0000 0001 1101 : 01001001 00001000 00000100
0001 0001 1101 : 00000000 00000100 00010000
0010 0001 1101 : 00000000 00010000 00000001
0011 0001 1101 : 00000000 00000000 00000000

#XOR T#
0000 0001 1110 : 01001001 00001000 00100000
0001 0001 1110 : 00000000 00000100 00010000
0010 0001 1110 : 00000000 00010000 00000001
0011 0001 1110 : 00000000 00000000 00000000


#NAND A#
0000 0001 1111 : 00011001 00001000 00000010
0001 0001 1111 : 00000000 00000100 00010000
0010 0001 1111 : 00000000 00010000 00000001
0011 0001 1111 : 00000000 00000000 00000000

#NAND B#
0000 0010 0000 : 00011001 00001000 00000100
0001 0010 0000 : 00000000 00000100 00010000
0010 0010 0000 : 00000000 00010000 00000001
0011 0010 0000 : 00000000 00000000 00000000

#NAND T#
0000 0010 0001 : 00001001 00001000 00100000
0001 0010 0001 : 00000000 00000100 00010000
0010 0010 0001 : 00000000 00010000 00000001
0011 0010 0001 : 00000000 00000000 00000000
		

#NOR A#
0000 0010 0010 : 00101001 00001000 00000010
0001 0010 0010 : 00000000 00000100 00010000
0010 0010 0010 : 00000000 00010000 00000001
0011 0010 0010 : 00000000 00000000 00000000

#NOR B#
0000 0010 0011 : 00101001 00001000 00000100
0001 0010 0011 : 00000000 00000100 00010000
0010 0010 0011 : 00000000 00010000 00000001
0011 0010 0011 : 00000000 00000000 00000000
		
#NOR T#
0000 0010 0100 : 00101001 00001000 00100000
0001 0010 0100 : 00000000 00000100 00010000
0010 0010 0100 : 00000000 00010000 00000001
0011 0010 0100 : 00000000 00000000 00000000


#XNOR A#
0000 0010 0101 : 01001001 00001000 00000010
0001 0010 0101 : 00000000 00000100 00010000
0010 0010 0101 : 00000000 00010000 00000001
0011 0010 0101 : 00000000 00000000 00000000
		
#XNOR B#
0000 0010 0110 : 01001001 00001000 00000100
0001 0010 0110 : 00000000 00000100 00010000
0010 0010 0110 : 00000000 00010000 00000001
0011 0010 0110 : 00000000 00000000 00000000

#XNOR T#
0000 0010 0111 : 01001001 00001000 00100000
0001 0010 0111 : 00000000 00000100 00010000
0010 0010 0111 : 00000000 00010000 00000001
0011 0010 0111 : 00000000 00000000 00000000


#MOV A,B#
0000 0010 1000 : 00000000 00000000 00000000

#MOV A,T#
0000 0010 1001 : 00000000 00000000 00000000

#MOV B,A#
0000 0010 1010 : 00000000 00000000 00000000

#MOV B,T#
0000 0010 1011 : 00000000 00000000 00000000

#MOV T,A#
0000 0010 1100 : 00000000 00000000 00000000

#MOV T,B#
0000 0010 1101 : 00000000 00000000 00000000


#CPY A,B#
0000 0010 1110 : 00000000 00000000 00000000

#CPY A,T#
0000 0010 1111 : 00000000 00000000 00000000

#CPY B,A#
0000 0011 0000 : 00000000 00000000 00000000

#CPY B,T#
0000 0011 0001 : 00000000 00000000 00000000

#CPY T,A#
0000 0011 0010 : 00000000 00000000 00000000

#CPY T,B#
0000 0011 0011 : 00000000 00000000 00000000